    1.2271846303E-02 
    3.6815538909E-02 
    6.1359231515E-02 
    8.5902924122E-02 
    1.1044661673E-01 
    1.3499030933E-01 
    1.5953400194E-01 
    1.8407769455E-01 
    2.0862138715E-01 
    2.3316507976E-01 
    2.5770877236E-01 
    2.8225246497E-01 
    3.0679615758E-01 
    3.3133985018E-01 
    3.5588354279E-01 
    3.8042723540E-01 
    4.0497092800E-01 
    4.2951462061E-01 
    4.5405831321E-01 
    4.7860200582E-01 
    5.0314569843E-01 
    5.2768939103E-01 
    5.5223308364E-01 
    5.7677677625E-01 
    6.0132046885E-01 
    6.2586416146E-01 
    6.5040785406E-01 
    6.7495154667E-01 
    6.9949523928E-01 
    7.2403893188E-01 
    7.4858262449E-01 
    7.7312631709E-01 
    7.9767000970E-01 
    8.2221370231E-01 
    8.4675739491E-01 
    8.7130108752E-01 
    8.9584478013E-01 
    9.2038847273E-01 
    9.4493216534E-01 
    9.6947585794E-01 
    9.9401955055E-01 
    1.0185632432E+00 
    1.0431069358E+00 
    1.0676506284E+00 
    1.0921943210E+00 
    1.1167380136E+00 
    1.1412817062E+00 
    1.1658253988E+00 
    1.1903690914E+00 
    1.2149127840E+00 
    1.2394564766E+00 
    1.2640001692E+00 
    1.2885438618E+00 
    1.3130875544E+00 
    1.3376312470E+00 
    1.3621749396E+00 
    1.3867186322E+00 
    1.4112623249E+00 
    1.4358060175E+00 
    1.4603497101E+00 
    1.4848934027E+00 
    1.5094370953E+00 
    1.5339807879E+00 
    1.5585244805E+00 
    1.5830681731E+00 
    1.6076118657E+00 
    1.6321555583E+00 
    1.6566992509E+00 
    1.6812429435E+00 
    1.7057866361E+00 
    1.7303303287E+00 
    1.7548740213E+00 
    1.7794177139E+00 
    1.8039614066E+00 
    1.8285050992E+00 
    1.8530487918E+00 
    1.8775924844E+00 
    1.9021361770E+00 
    1.9266798696E+00 
    1.9512235622E+00 
    1.9757672548E+00 
    2.0003109474E+00 
    2.0248546400E+00 
    2.0493983326E+00 
    2.0739420252E+00 
    2.0984857178E+00 
    2.1230294104E+00 
    2.1475731030E+00 
    2.1721167956E+00 
    2.1966604883E+00 
    2.2212041809E+00 
    2.2457478735E+00 
    2.2702915661E+00 
    2.2948352587E+00 
    2.3193789513E+00 
    2.3439226439E+00 
    2.3684663365E+00 
    2.3930100291E+00 
    2.4175537217E+00 
    2.4420974143E+00 
    2.4666411069E+00 
    2.4911847995E+00 
    2.5157284921E+00 
    2.5402721847E+00 
    2.5648158773E+00 
    2.5893595700E+00 
    2.6139032626E+00 
    2.6384469552E+00 
    2.6629906478E+00 
    2.6875343404E+00 
    2.7120780330E+00 
    2.7366217256E+00 
    2.7611654182E+00 
    2.7857091108E+00 
    2.8102528034E+00 
    2.8347964960E+00 
    2.8593401886E+00 
    2.8838838812E+00 
    2.9084275738E+00 
    2.9329712664E+00 
    2.9575149590E+00 
    2.9820586516E+00 
    3.0066023443E+00 
    3.0311460369E+00 
    3.0556897295E+00 
    3.0802334221E+00 
    3.1047771147E+00 
    3.1293208073E+00 
    3.1538644999E+00 
    3.1784081925E+00 
    3.2029518851E+00 
    3.2274955777E+00 
    3.2520392703E+00 
    3.2765829629E+00 
    3.3011266555E+00 
    3.3256703481E+00 
    3.3502140407E+00 
    3.3747577333E+00 
    3.3993014260E+00 
    3.4238451186E+00 
    3.4483888112E+00 
    3.4729325038E+00 
    3.4974761964E+00 
    3.5220198890E+00 
    3.5465635816E+00 
    3.5711072742E+00 
    3.5956509668E+00 
    3.6201946594E+00 
    3.6447383520E+00 
    3.6692820446E+00 
    3.6938257372E+00 
    3.7183694298E+00 
    3.7429131224E+00 
    3.7674568150E+00 
    3.7920005077E+00 
    3.8165442003E+00 
    3.8410878929E+00 
    3.8656315855E+00 
    3.8901752781E+00 
    3.9147189707E+00 
    3.9392626633E+00 
    3.9638063559E+00 
    3.9883500485E+00 
    4.0128937411E+00 
    4.0374374337E+00 
    4.0619811263E+00 
    4.0865248189E+00 
    4.1110685115E+00 
    4.1356122041E+00 
    4.1601558967E+00 
    4.1846995894E+00 
    4.2092432820E+00 
    4.2337869746E+00 
    4.2583306672E+00 
    4.2828743598E+00 
    4.3074180524E+00 
    4.3319617450E+00 
    4.3565054376E+00 
    4.3810491302E+00 
    4.4055928228E+00 
    4.4301365154E+00 
    4.4546802080E+00 
    4.4792239006E+00 
    4.5037675932E+00 
    4.5283112858E+00 
    4.5528549784E+00 
    4.5773986711E+00 
    4.6019423637E+00 
    4.6264860563E+00 
    4.6510297489E+00 
    4.6755734415E+00 
    4.7001171341E+00 
    4.7246608267E+00 
    4.7492045193E+00 
    4.7737482119E+00 
    4.7982919045E+00 
    4.8228355971E+00 
    4.8473792897E+00 
    4.8719229823E+00 
    4.8964666749E+00 
    4.9210103675E+00 
    4.9455540601E+00 
    4.9700977527E+00 
    4.9946414454E+00 
    5.0191851380E+00 
    5.0437288306E+00 
    5.0682725232E+00 
    5.0928162158E+00 
    5.1173599084E+00 
    5.1419036010E+00 
    5.1664472936E+00 
    5.1909909862E+00 
    5.2155346788E+00 
    5.2400783714E+00 
    5.2646220640E+00 
    5.2891657566E+00 
    5.3137094492E+00 
    5.3382531418E+00 
    5.3627968344E+00 
    5.3873405271E+00 
    5.4118842197E+00 
    5.4364279123E+00 
    5.4609716049E+00 
    5.4855152975E+00 
    5.5100589901E+00 
    5.5346026827E+00 
    5.5591463753E+00 
    5.5836900679E+00 
    5.6082337605E+00 
    5.6327774531E+00 
    5.6573211457E+00 
    5.6818648383E+00 
    5.7064085309E+00 
    5.7309522235E+00 
    5.7554959161E+00 
    5.7800396088E+00 
    5.8045833014E+00 
    5.8291269940E+00 
    5.8536706866E+00 
    5.8782143792E+00 
    5.9027580718E+00 
    5.9273017644E+00 
    5.9518454570E+00 
    5.9763891496E+00 
    6.0009328422E+00 
    6.0254765348E+00 
    6.0500202274E+00 
    6.0745639200E+00 
    6.0991076126E+00 
    6.1236513052E+00 
    6.1481949978E+00 
    6.1727386905E+00 
    6.1972823831E+00 
    6.2218260757E+00 
    6.2463697683E+00 
    6.2709134609E+00 
