    6.6927083333E-01 
    6.7447916667E-01 
    6.7968750000E-01 
    6.8489583333E-01 
    6.9010416667E-01 
    6.9531250000E-01 
    7.0052083333E-01 
    7.0572916667E-01 
    7.1093750000E-01 
    7.1614583333E-01 
    7.2135416667E-01 
    7.2656250000E-01 
    7.3177083333E-01 
    7.3697916667E-01 
    7.4218750000E-01 
    7.4739583333E-01 
    7.5260416667E-01 
    7.5781250000E-01 
    7.6302083333E-01 
    7.6822916667E-01 
    7.7343750000E-01 
    7.7864583333E-01 
    7.8385416667E-01 
    7.8906250000E-01 
    7.9427083333E-01 
    7.9947916667E-01 
    8.0468750000E-01 
    8.0989583333E-01 
    8.1510416667E-01 
    8.2031250000E-01 
    8.2552083333E-01 
    8.3072916667E-01 
    8.3593750000E-01 
    8.4114583333E-01 
    8.4635416667E-01 
    8.5156250000E-01 
    8.5677083333E-01 
    8.6197916667E-01 
    8.6718750000E-01 
    8.7239583333E-01 
    8.7760416667E-01 
    8.8281250000E-01 
    8.8802083333E-01 
    8.9322916667E-01 
    8.9843750000E-01 
    9.0364583333E-01 
    9.0885416667E-01 
    9.1406250000E-01 
    9.1927083333E-01 
    9.2447916667E-01 
    9.2968750000E-01 
    9.3489583333E-01 
    9.4010416667E-01 
    9.4531250000E-01 
    9.5052083333E-01 
    9.5572916667E-01 
    9.6093750000E-01 
    9.6614583333E-01 
    9.7135416667E-01 
    9.7656250000E-01 
    9.8177083333E-01 
    9.8697916667E-01 
    9.9218750000E-01 
    9.9739583333E-01 
    1.0026041667E+00 
    1.0078125000E+00 
    1.0130208333E+00 
    1.0182291667E+00 
    1.0234375000E+00 
    1.0286458333E+00 
    1.0338541667E+00 
    1.0390625000E+00 
    1.0442708333E+00 
    1.0494791667E+00 
    1.0546875000E+00 
    1.0598958333E+00 
    1.0651041667E+00 
    1.0703125000E+00 
    1.0755208333E+00 
    1.0807291667E+00 
    1.0859375000E+00 
    1.0911458333E+00 
    1.0963541667E+00 
    1.1015625000E+00 
    1.1067708333E+00 
    1.1119791667E+00 
    1.1171875000E+00 
    1.1223958333E+00 
    1.1276041667E+00 
    1.1328125000E+00 
    1.1380208333E+00 
    1.1432291667E+00 
    1.1484375000E+00 
    1.1536458333E+00 
    1.1588541667E+00 
    1.1640625000E+00 
    1.1692708333E+00 
    1.1744791667E+00 
    1.1796875000E+00 
    1.1848958333E+00 
    1.1901041667E+00 
    1.1953125000E+00 
    1.2005208333E+00 
    1.2057291667E+00 
    1.2109375000E+00 
    1.2161458333E+00 
    1.2213541667E+00 
    1.2265625000E+00 
    1.2317708333E+00 
    1.2369791667E+00 
    1.2421875000E+00 
    1.2473958333E+00 
    1.2526041667E+00 
    1.2578125000E+00 
    1.2630208333E+00 
    1.2682291667E+00 
    1.2734375000E+00 
    1.2786458333E+00 
    1.2838541667E+00 
    1.2890625000E+00 
    1.2942708333E+00 
    1.2994791667E+00 
    1.3046875000E+00 
    1.3098958333E+00 
    1.3151041667E+00 
    1.3203125000E+00 
    1.3255208333E+00 
    1.3307291667E+00 
